262144000S,0C
0 0
80898 1
1362 1
1362 1
1383 1
1346 1
80898 1
-80898 -1
1346 1
1356 1
-1356 -1
-1346 -1
-1346 -1
1379 1
1390 1
1379 1
1395 1
1386 1
1388 1
1387 1
1385 1
1406 1
1387 1
1439 1
1395 1
1438 1
1380 1
1379 1
1528 1
1571 1
1389 1
1404 1
1392 1
1557 1
1382 1
1529 1
1398 1
1406 1
1387 1
1395 1
1390 1
1389 1
1391 1
1397 1
1382 1
1379 1
1383 1
1396 1
1393 1
1558 1
1376 1
1391 1
1402 1
1404 1
1433 1
1536 1
1381 1
1529 1
1570 1
1377 1
1419 1
1385 1
1397 1
1382 1
1388 1
1379 1
1566 1
1378 1
1384 1
1380 1
1530 1
1404 1
1387 1
1373 1
1530 1
1531 1
1392 1
1395 1
1376 1
1384 1
1530 1
-1530 -1
-1384 -1
-1376 -1
-1395 -1
-1392 -1
-1531 -1
-1530 -1
-1373 -1
-1387 -1
-1404 -1
-1530 -1
-1380 -1
-1384 -1
-1378 -1
-1566 -1
-1379 -1
-1388 -1
-1382 -1
-1397 -1
-1385 -1
-1419 -1
-1377 -1
-1570 -1
-1529 -1
-1381 -1
-1536 -1
-1433 -1
-1404 -1
-1402 -1
-1391 -1
-1376 -1
-1558 -1
-1393 -1
-1396 -1
-1383 -1
-1379 -1
-1382 -1
-1397 -1
-1391 -1
-1389 -1
-1390 -1
-1395 -1
-1387 -1
-1406 -1
-1398 -1
-1529 -1
-1382 -1
-1557 -1
-1392 -1
-1404 -1
-1389 -1
-1571 -1
-1528 -1
-1379 -1
-1380 -1
-1438 -1
-1395 -1
-1387 -1
-1439 -1
-1406 -1
-1385 -1
-1387 -1
-1388 -1
-1386 -1
-1395 -1
-1379 -1
-1390 -1
-1379 -1
-1383 -1
-1362 -1
-1362 -1
1380 1
1579 1
1378 1
1387 1
1379 1
1377 1
1374 1
1395 1
1441 1
1387 1
1377 1
1528 1
1404 1
1378 1
1386 1
1571 1
1528 1
1391 1
1383 1
1387 1
1395 1
1391 1
1536 1
1387 1
1549 1
1406 1
1567 1
1400 1
1382 1
1439 1
1380 1
1538 1
1439 1
1387 1
1381 1
1524 1
1566 1
1439 1
1390 1
1381 1
1388 1
1386 1
1396 1
1382 1
1391 1
1382 1
1390 1
1559 1
1389 1
1377 1
1387 1
1527 1
1381 1
1382 1
1403 1
1441 1
1645 1
1390 1
1383 1
1384 1
1380 1
1409 1
1382 1
1390 1
1376 1
1382 1
1376 1
1393 1
1385 1
1645 1
1387 1
1433 1
1378 1
1571 1
1396 1
1408 1
1386 1
1557 1
1536 1
1441 1
1379 1
1530 1
1382 1
1381 1
1387 1
1438 1
1645 1
1395 1
1397 1
1382 1
1417 1
1571 1
1391 1
1644 1
1389 1
1376 1
1374 1
1381 1
1390 1
1391 1
1378 1
1579 1
1387 1
1395 1
1530 1
1389 1
1432 1
1389 1
1387 1
1387 1
1389 1
1382 1
1408 1
1387 1
1384 1
1391 1
1538 1
1393 1
1549 1
1447 1
1382 1
1382 1
1395 1
1388 1
1373 1
1394 1
1396 1
1389 1
1381 1
-1381 -1
-1389 -1
-1396 -1
-1394 -1
-1373 -1
-1388 -1
-1395 -1
-1382 -1
-1382 -1
-1447 -1
-1549 -1
-1393 -1
-1538 -1
-1391 -1
-1384 -1
-1387 -1
-1408 -1
-1382 -1
-1389 -1
-1387 -1
-1387 -1
-1389 -1
-1432 -1
-1389 -1
-1530 -1
-1395 -1
-1387 -1
-1579 -1
-1378 -1
-1391 -1
-1390 -1
-1381 -1
-1374 -1
-1376 -1
-1389 -1
-1644 -1
-1391 -1
-1571 -1
-1417 -1
-1382 -1
-1397 -1
-1395 -1
-1645 -1
-1438 -1
-1387 -1
-1381 -1
-1382 -1
-1530 -1
-1379 -1
-1441 -1
-1536 -1
-1557 -1
-1386 -1
-1408 -1
-1396 -1
-1571 -1
-1378 -1
-1433 -1
-1387 -1
-1645 -1
-1385 -1
-1393 -1
-1376 -1
-1382 -1
-1376 -1
-1390 -1
-1382 -1
-1409 -1
-1380 -1
-1384 -1
-1383 -1
-1390 -1
-1645 -1
-1441 -1
-1403 -1
-1382 -1
-1381 -1
-1527 -1
-1387 -1
-1377 -1
-1389 -1
-1559 -1
-1390 -1
-1382 -1
-1391 -1
-1382 -1
-1396 -1
-1386 -1
-1388 -1
-1381 -1
-1390 -1
-1439 -1
-1566 -1
-1524 -1
-1381 -1
-1387 -1
-1439 -1
-1538 -1
-1380 -1
-1439 -1
-1382 -1
-1400 -1
-1567 -1
-1406 -1
-1549 -1
-1387 -1
-1536 -1
-1391 -1
-1395 -1
-1387 -1
-1383 -1
-1391 -1
-1528 -1
-1571 -1
-1386 -1
-1378 -1
-1404 -1
-1528 -1
-1377 -1
-1387 -1
-1441 -1
-1395 -1
-1374 -1
-1377 -1
-1379 -1
-1387 -1
-1378 -1
-1579 -1
-1380 -1
1418 1
1391 1
1441 1
1409 1
1541 1
1389 1
1383 1
1397 1
1396 1
1382 1
1645 1
1373 1
1398 1
1438 1
1396 1
1536 1
1404 1
1396 1
1389 1
1379 1
1376 1
1432 1
1408 1
1579 1
1387 1
1566 1
1566 1
1382 1
1396 1
1373 1
1527 1
1381 1
1541 1
1566 1
1395 1
1387 1
1387 1
1395 1
1419 1
1349 1
-1349 -1
-1419 -1
-1395 -1
-1387 -1
-1387 -1
-1395 -1
-1566 -1
-1541 -1
-1381 -1
-1527 -1
-1373 -1
-1396 -1
-1382 -1
-1566 -1
-1566 -1
-1387 -1
-1579 -1
-1408 -1
-1432 -1
-1376 -1
-1379 -1
-1389 -1
-1396 -1
-1404 -1
-1536 -1
-1396 -1
-1438 -1
-1398 -1
-1373 -1
-1645 -1
-1382 -1
-1396 -1
-1397 -1
-1383 -1
-1389 -1
-1541 -1
-1409 -1
-1441 -1
-1391 -1
-1418 -1
1557 1
1381 1
1382 1
-1381 -1
-1382 -1
1558 1
-1558 -1
-1557 -1
1387 1
1392 1
1538 1
1389 1
1376 1
1391 1
1380 1
1389 1
1389 1
-1389 -1
-1389 -1
-1380 -1
-1391 -1
-1376 -1
-1389 -1
-1538 -1
-1392 -1
-1387 -1
13780 1
1396 1
1579 1
1538 1
1387 1
1549 1
1387 1
1389 1
1536 1
1400 1
1379 1
1447 1
1395 1
1388 1
1393 1
1382 1
1387 1
1378 1
-1387 -1
-1382 -1
-1393 -1
-1388 -1
-1395 -1
-1447 -1
-1379 -1
-1400 -1
-1536 -1
-1389 -1
-1387 -1
-1549 -1
-1387 -1
-1538 -1
-1579 -1
-1396 -1
1356 1
-1356 -1
-1378 -1
-13780 -1
1356 1
1356 1
1356 1
1356 1
-1356 -1
-1356 -1
-1356 -1
-1356 -1
1356 1
1371 1
1350 1
1388 1
1370 1
1376 1
-1376 -1
1364 1
-1364 -1
1364 1
1346 1
1345 1
1346 1
1327 1
1337 1
1344 1
1337 1
-1337 -1
-1344 -1
-1337 -1
-1327 -1
-1346 -1
-1345 -1
-1346 -1
-1364 -1
-1370 -1
-1388 -1
-1350 -1
-1371 -1
9569 1
-1356 -1
1337 1
